0 0.369410 0.242844 0.025045 0.049195
0 0.392308 0.238372 0.022182 0.050984
0 0.414132 0.237030 0.021467 0.050089
0 0.437388 0.235689 0.025045 0.047406
0 0.460644 0.233453 0.024329 0.050089
0 0.483542 0.230769 0.025760 0.050089
0 0.507156 0.232558 0.022898 0.051878
0 0.529696 0.228533 0.023614 0.050984
0 0.553667 0.233005 0.021467 0.050984
0 0.576208 0.228533 0.022182 0.047406
0 0.599821 0.228086 0.022182 0.048301
0 0.368336 0.288014 0.025760 0.051878
0 0.393023 0.286225 0.025045 0.048301
0 0.414132 0.281753 0.022898 0.051878
0 0.439177 0.281306 0.022898 0.049195
0 0.462433 0.280859 0.025045 0.053667
0 0.485331 0.280859 0.025045 0.051878
0 0.507156 0.279964 0.021467 0.051878
0 0.531485 0.277728 0.027191 0.052773
0 0.555098 0.278175 0.022898 0.048301
0 0.576923 0.274150 0.023614 0.052773
0 0.601610 0.274150 0.024329 0.050984
0 0.401610 0.700805 0.022182 0.052773
0 0.428444 0.701252 0.024329 0.053667
0 0.454204 0.703488 0.024329 0.054562
0 0.479606 0.704830 0.023614 0.051878
0 0.505367 0.704383 0.025045 0.050984
0 0.531843 0.703936 0.023614 0.050089
0 0.558318 0.706172 0.026476 0.052773
0 0.583721 0.707513 0.025760 0.059034
0 0.610197 0.708855 0.024329 0.052773
0 0.635242 0.708408 0.024329 0.051878
0 0.662075 0.709750 0.025045 0.054562
0 0.702504 0.710644 0.024329 0.052773
0 0.727191 0.711986 0.022182 0.055456
0 0.401252 0.751342 0.022898 0.055456
0 0.426655 0.750000 0.023614 0.058140
0 0.453131 0.754025 0.026476 0.059034
0 0.479964 0.754919 0.022898 0.055456
0 0.505725 0.754472 0.022898 0.052773
0 0.531485 0.753131 0.027191 0.057245
0 0.557961 0.757603 0.025760 0.053667
0 0.584794 0.752683 0.026476 0.058140
0 0.609481 0.757603 0.022898 0.057245
0 0.634884 0.757156 0.025045 0.059928
0 0.660286 0.757603 0.022898 0.062612
0 0.754383 0.712880 0.025045 0.053667
0 0.780501 0.714222 0.024329 0.052773
0 0.805546 0.713327 0.022898 0.054562
0 0.829875 0.716011 0.025760 0.054562
0 0.855635 0.716905 0.022898 0.052773
0 0.879606 0.717352 0.023614 0.051878
0 0.906798 0.717800 0.023614 0.054562
0 0.931485 0.718694 0.024329 0.050984
0 0.957961 0.720483 0.027191 0.052773
0 0.957245 0.770572 0.021467 0.056351
0 0.701431 0.760286 0.023614 0.048301
0 0.725760 0.759839 0.023614 0.061717
0 0.750805 0.759839 0.023614 0.065295
0 0.776923 0.765206 0.022898 0.058140
0 0.804114 0.765653 0.028623 0.060823
0 0.827370 0.767442 0.025045 0.060823
0 0.853488 0.768336 0.024329 0.057245
0 0.877460 0.765206 0.023614 0.061717
0 0.903578 0.766547 0.028623 0.057245
0 0.928265 0.769231 0.023614 0.060823
0 0.084258 0.255367 0.025760 0.049195
0 0.107513 0.256261 0.019320 0.049195
0 0.129338 0.254472 0.024329 0.049195
0 0.153667 0.252236 0.022898 0.048301
0 0.176565 0.250894 0.022898 0.052773
0 0.199821 0.252683 0.022182 0.050984
0 0.222719 0.250000 0.023614 0.050984
0 0.245617 0.248211 0.022182 0.047406
0 0.268515 0.247764 0.025045 0.048301
0 0.292487 0.247317 0.024329 0.050984
0 0.314669 0.244633 0.021467 0.049195
0 0.084615 0.304114 0.022182 0.050089
0 0.109660 0.302773 0.022182 0.045617
0 0.131843 0.303667 0.022182 0.049195
0 0.155098 0.300537 0.024329 0.050089
0 0.178354 0.300537 0.023614 0.048301
0 0.199821 0.294723 0.023614 0.049195
0 0.225224 0.294723 0.025760 0.052773
0 0.247048 0.296512 0.023614 0.052773
0 0.271735 0.294723 0.025760 0.052773
0 0.292844 0.293828 0.022182 0.052773
0 0.316100 0.292039 0.025760 0.050984