0 0.658140 0.254025 0.025760 0.048301
0 0.635599 0.255367 0.029338 0.050984
0 0.613417 0.255814 0.030769 0.050089
0 0.588372 0.257156 0.027907 0.050984
0 0.566190 0.257156 0.027907 0.049195
0 0.542934 0.257603 0.030054 0.053667
0 0.518605 0.258945 0.031485 0.052773
0 0.494991 0.261181 0.031485 0.051878
0 0.472451 0.261181 0.030769 0.048301
0 0.448479 0.259839 0.030054 0.050984
0 0.425939 0.261181 0.026476 0.050089
0 0.659928 0.206172 0.027907 0.047406
0 0.635599 0.205277 0.029338 0.049195
0 0.612701 0.206172 0.030769 0.049195
0 0.588014 0.207066 0.030054 0.049195
0 0.565474 0.207961 0.027907 0.050984
0 0.540787 0.206172 0.025760 0.047406
0 0.517174 0.209302 0.028623 0.053667
0 0.493560 0.210644 0.027191 0.049195
0 0.470662 0.213327 0.030054 0.049195
0 0.447048 0.211091 0.027191 0.046512
0 0.423435 0.215564 0.024329 0.050089
0 0.923614 0.246422 0.024329 0.050984
0 0.902147 0.247317 0.024329 0.049195
0 0.880322 0.246422 0.026476 0.047406
0 0.857424 0.249106 0.025045 0.050984
0 0.833453 0.248211 0.025760 0.047406
0 0.809481 0.248658 0.022182 0.050089
0 0.785868 0.249553 0.023614 0.050089
0 0.762612 0.249553 0.021467 0.046512
0 0.740072 0.250894 0.022182 0.050984
0 0.716100 0.250894 0.021467 0.045617
0 0.694275 0.250894 0.020751 0.052773
0 0.925403 0.198569 0.027907 0.046512
0 0.903220 0.197674 0.022182 0.044723
0 0.879606 0.199016 0.023614 0.047406
0 0.858855 0.198122 0.025045 0.043828
0 0.834168 0.201699 0.021467 0.045617
0 0.809839 0.199911 0.024329 0.047406
0 0.787299 0.200805 0.022182 0.045617
0 0.761181 0.202147 0.022898 0.046512
0 0.740072 0.203936 0.020751 0.046512
0 0.715742 0.203488 0.022182 0.045617
0 0.694633 0.204383 0.020036 0.043828
0 0.373703 0.264311 0.026476 0.047406
0 0.352952 0.271020 0.023614 0.048301
0 0.328265 0.266995 0.022898 0.045617
0 0.306440 0.266547 0.025045 0.042934
0 0.282826 0.268784 0.019320 0.045617
0 0.259213 0.267889 0.022182 0.043828
0 0.235599 0.266100 0.025045 0.045617
0 0.213059 0.269231 0.020036 0.042934
0 0.189803 0.270125 0.023614 0.041145
0 0.166547 0.271467 0.024329 0.045617
0 0.142934 0.270572 0.024329 0.045617
0 0.372987 0.217352 0.025045 0.048301
0 0.350447 0.218694 0.022898 0.042039
0 0.327549 0.217800 0.024329 0.047406
0 0.303220 0.216458 0.020036 0.042934
0 0.282111 0.220483 0.022182 0.043828
0 0.257066 0.220036 0.023614 0.039356
0 0.234526 0.219589 0.024329 0.042039
0 0.211986 0.223166 0.022182 0.045617
0 0.186225 0.223614 0.026476 0.042934
0 0.165116 0.223166 0.022898 0.038462
0 0.142934 0.224508 0.021467 0.042934
0 0.411628 0.499106 0.027907 0.051878
0 0.386225 0.498658 0.027191 0.050984
0 0.362254 0.498211 0.026476 0.048301
0 0.337925 0.500000 0.030769 0.048301
0 0.310376 0.501342 0.024329 0.049195
0 0.287120 0.500000 0.027907 0.048301
0 0.263506 0.503578 0.023614 0.050089
0 0.238819 0.504025 0.022898 0.045617
0 0.216279 0.501342 0.027907 0.045617
0 0.191592 0.502683 0.025760 0.044723
0 0.168336 0.504472 0.025045 0.048301
0 0.409839 0.449463 0.024329 0.047406
0 0.385868 0.449463 0.025045 0.047406
0 0.362254 0.450805 0.026476 0.048301
0 0.337209 0.452594 0.026476 0.048301
0 0.313596 0.451699 0.025045 0.046512
0 0.288193 0.452594 0.027191 0.048301
0 0.262433 0.454383 0.024329 0.048301
0 0.238819 0.452594 0.024329 0.044723
0 0.215564 0.453488 0.026476 0.048301
0 0.190161 0.455277 0.024329 0.044723
0 0.166547 0.453936 0.022898 0.045617
0 0.695349 0.490608 0.025760 0.045617
0 0.670304 0.491503 0.021467 0.047406
0 0.645975 0.490161 0.022898 0.044723
0 0.621288 0.491055 0.023614 0.046512
0 0.596243 0.490608 0.023614 0.045617
0 0.571556 0.492397 0.021467 0.045617
0 0.547227 0.491503 0.027191 0.043828
0 0.522182 0.494633 0.025760 0.046512
0 0.499642 0.496869 0.025045 0.045617
0 0.473524 0.496422 0.024329 0.044723
0 0.451699 0.495975 0.022182 0.049195
0 0.694275 0.440072 0.025045 0.042934
0 0.668157 0.436941 0.022898 0.045617
0 0.645259 0.441860 0.022898 0.044723
0 0.622361 0.442755 0.024329 0.044723
0 0.596601 0.440966 0.022898 0.048301
0 0.570483 0.442308 0.022182 0.043828
0 0.546154 0.444991 0.023614 0.047406
0 0.521825 0.445886 0.023614 0.045617
0 0.499284 0.445886 0.022898 0.045617
0 0.474597 0.446780 0.023614 0.045617
0 0.446691 0.445438 0.026476 0.046512
0 0.971914 0.479428 0.022182 0.046512
0 0.947943 0.482111 0.021467 0.044723
0 0.924329 0.480322 0.025760 0.046512
0 0.902504 0.481664 0.023614 0.045617
0 0.876744 0.480322 0.023614 0.044723
0 0.853846 0.485689 0.022182 0.046512
0 0.825939 0.485242 0.022182 0.043828
0 0.802326 0.486583 0.025045 0.048301
0 0.778712 0.484347 0.022182 0.043828
0 0.755098 0.486583 0.020751 0.042934
0 0.729696 0.488372 0.021467 0.044723
0 0.971556 0.429338 0.021467 0.042934
0 0.948658 0.433363 0.022898 0.045617
0 0.924687 0.431127 0.022182 0.046512
0 0.900716 0.431127 0.022898 0.046512
0 0.877102 0.435152 0.024329 0.049195
0 0.851699 0.435599 0.020751 0.046512
0 0.828801 0.436047 0.022182 0.049195
0 0.801968 0.436047 0.021467 0.045617
0 0.776208 0.437835 0.024329 0.047406
0 0.754383 0.438730 0.020751 0.045617
0 0.727549 0.439177 0.021467 0.046512
0 0.756172 0.748211 0.022898 0.045617
0 0.730054 0.749106 0.026476 0.043828
0 0.705009 0.750894 0.025045 0.043828
0 0.680322 0.751342 0.022898 0.044723
0 0.655635 0.753578 0.023614 0.045617
0 0.627728 0.753578 0.020751 0.043828
0 0.603399 0.754919 0.025045 0.046512
0 0.577639 0.755367 0.023614 0.047406
0 0.552952 0.754472 0.022898 0.047406
0 0.526476 0.758050 0.027191 0.043828
0 0.500358 0.757603 0.023614 0.044723
0 0.758676 0.699016 0.023614 0.049195
0 0.730769 0.701252 0.025045 0.048301
0 0.705367 0.699016 0.022898 0.045617
0 0.681395 0.701699 0.025045 0.049195
0 0.655277 0.702147 0.024329 0.048301
0 0.628444 0.704383 0.023614 0.049195
0 0.604830 0.704383 0.023614 0.049195
0 0.576565 0.705277 0.027191 0.050984
0 0.551521 0.707066 0.022898 0.045617
0 0.525760 0.708855 0.024329 0.045617
0 0.500716 0.709750 0.025760 0.047406
0 0.466369 0.761181 0.022898 0.044723
0 0.439535 0.761628 0.027907 0.050984
0 0.413775 0.761181 0.025045 0.050089
0 0.387657 0.763417 0.025760 0.049195
0 0.363327 0.762522 0.025760 0.047406
0 0.337567 0.761181 0.027191 0.046512
0 0.311449 0.762075 0.025045 0.044723
0 0.284615 0.762970 0.022898 0.044723
0 0.262075 0.763417 0.026476 0.043828
0 0.234526 0.759839 0.024329 0.047406
0 0.209481 0.762075 0.018605 0.048301
0 0.462791 0.711091 0.025760 0.046512
0 0.436315 0.711091 0.024329 0.046512
0 0.412343 0.711091 0.026476 0.048301
0 0.386941 0.711538 0.022898 0.045617
0 0.360107 0.712433 0.023614 0.043828
0 0.336494 0.713327 0.023614 0.045617
0 0.310733 0.712433 0.025045 0.047406
0 0.283542 0.714669 0.026476 0.046512
0 0.261717 0.714669 0.025760 0.048301
0 0.233095 0.710644 0.022898 0.045617
0 0.210197 0.714669 0.024329 0.046512