0 0.025224 0.221377 0.030769 0.054562
0 0.047764 0.217352 0.032916 0.051878
0 0.070304 0.215564 0.033631 0.055456
0 0.094633 0.215564 0.033631 0.057245
0 0.118605 0.213775 0.038640 0.057245
0 0.139356 0.213327 0.032916 0.061717
0 0.030590 0.268784 0.035778 0.054562
0 0.053488 0.266100 0.034347 0.054562
0 0.076029 0.264311 0.030769 0.052773
0 0.096780 0.260286 0.035063 0.055456
0 0.120394 0.258945 0.033631 0.056351
0 0.144007 0.255367 0.033631 0.056351
0 0.019141 0.521467 0.031485 0.055456
0 0.043113 0.520572 0.030769 0.057245
0 0.065295 0.521914 0.032200 0.059928
0 0.090340 0.522361 0.032200 0.059034
0 0.112165 0.524150 0.031485 0.059034
0 0.137209 0.525939 0.034347 0.059034
0 0.160823 0.525045 0.034347 0.059034
0 0.020930 0.567531 0.033631 0.059928
0 0.044186 0.571109 0.032916 0.067084
0 0.067800 0.572451 0.034347 0.062612
0 0.091771 0.571109 0.033631 0.063506
0 0.114669 0.572898 0.032200 0.063506
0 0.139714 0.572451 0.033631 0.064401
0 0.158318 0.572451 0.035063 0.062612
0 0.192665 0.207513 0.030769 0.055456
0 0.215564 0.206619 0.033631 0.057245
0 0.238462 0.203936 0.033631 0.055456
0 0.261002 0.203041 0.034347 0.057245
0 0.283900 0.201699 0.031485 0.058140
0 0.307513 0.199911 0.031485 0.054562
0 0.332200 0.198569 0.033631 0.057245
0 0.356172 0.197674 0.031485 0.057245
0 0.379070 0.196780 0.030054 0.059034
0 0.402683 0.195438 0.032916 0.054562
0 0.427370 0.193649 0.032200 0.056351
0 0.194097 0.253578 0.030769 0.056351
0 0.218068 0.252683 0.030054 0.058140
0 0.242755 0.251789 0.030769 0.058140
0 0.263864 0.248211 0.031485 0.054562
0 0.287835 0.248658 0.030769 0.055456
0 0.311091 0.246422 0.032916 0.056351
0 0.335420 0.245975 0.034347 0.059034
0 0.356887 0.245528 0.032916 0.056351
0 0.380501 0.244186 0.032916 0.059034
0 0.405903 0.242844 0.036494 0.059928
0 0.426297 0.238819 0.031485 0.060823
0 0.459571 0.190072 0.030769 0.058140
0 0.696780 0.178444 0.030054 0.054562
0 0.672809 0.177996 0.032200 0.059034
0 0.651342 0.179785 0.032200 0.057245
0 0.625939 0.181127 0.031485 0.056351
0 0.601968 0.181127 0.030769 0.056351
0 0.579070 0.182916 0.032200 0.059928
0 0.554383 0.185599 0.030054 0.058140
0 0.532200 0.185599 0.032916 0.058140
0 0.508945 0.186494 0.032200 0.058140
0 0.486047 0.187388 0.029338 0.061717
0 0.698927 0.226744 0.031485 0.058140
0 0.464580 0.239714 0.027907 0.060823
0 0.486047 0.236583 0.030769 0.056351
0 0.509302 0.234794 0.031485 0.059928
0 0.532558 0.235689 0.033631 0.063506
0 0.556887 0.233900 0.032200 0.056351
0 0.580143 0.232111 0.030054 0.056351
0 0.603757 0.230322 0.032916 0.058140
0 0.627013 0.226297 0.030769 0.055456
0 0.650984 0.226744 0.030054 0.054562
0 0.675313 0.227639 0.030054 0.061717
0 0.656351 0.230769 0.003578 0.000000
0 0.464580 0.532648 0.029338 0.058140
0 0.439177 0.530859 0.028623 0.059928
0 0.414848 0.530859 0.031485 0.058140
0 0.389088 0.529517 0.030054 0.062612
0 0.364401 0.528623 0.032200 0.059034
0 0.340072 0.528175 0.033631 0.059928
0 0.312880 0.526834 0.027907 0.060823
0 0.289982 0.526386 0.030769 0.059928
0 0.265653 0.526386 0.032200 0.059928
0 0.241682 0.527728 0.032916 0.059034
0 0.218068 0.526386 0.031485 0.054562
0 0.465295 0.581843 0.032200 0.058140
0 0.218784 0.573345 0.030054 0.055456
0 0.243113 0.576029 0.032916 0.060823
0 0.266369 0.576476 0.030769 0.061717
0 0.292129 0.576476 0.032200 0.059928
0 0.315742 0.577370 0.033631 0.061717
0 0.340072 0.579159 0.033631 0.059928
0 0.365474 0.579606 0.030054 0.062612
0 0.389445 0.577370 0.032200 0.059928
0 0.415564 0.580054 0.032916 0.059928
0 0.442755 0.578712 0.034347 0.057245
0 0.753309 0.588551 0.030054 0.057245
0 0.727191 0.587209 0.030769 0.058140
0 0.702504 0.587657 0.030054 0.059034
0 0.677460 0.585868 0.030054 0.057245
0 0.651342 0.585868 0.032200 0.057245
0 0.626655 0.584079 0.031485 0.057245
0 0.601610 0.584079 0.031485 0.059034
0 0.575850 0.583631 0.030054 0.056351
0 0.551521 0.582290 0.032916 0.059034
0 0.525760 0.582290 0.031485 0.059034
0 0.501073 0.582290 0.027907 0.057245
0 0.755098 0.538462 0.030769 0.055456
0 0.728265 0.536225 0.030054 0.052773
0 0.703578 0.534436 0.032200 0.050984
0 0.678891 0.535778 0.030054 0.053667
0 0.653488 0.535331 0.032200 0.054562
0 0.628086 0.533542 0.028623 0.054562
0 0.602683 0.533095 0.032200 0.053667
0 0.576923 0.529517 0.029338 0.053667
0 0.551163 0.531753 0.033631 0.052773
0 0.526834 0.531753 0.033631 0.054562
0 0.501431 0.530411 0.027191 0.055456
0 0.967621 0.209302 0.027907 0.057245
0 0.944365 0.211538 0.028623 0.054562
0 0.920394 0.213327 0.030769 0.054562
0 0.897853 0.212880 0.030054 0.057245
0 0.874597 0.215564 0.030769 0.051878
0 0.850268 0.216905 0.030769 0.054562
0 0.828801 0.217800 0.029338 0.054562
0 0.804830 0.219141 0.028623 0.055456
0 0.781574 0.220036 0.032200 0.055456
0 0.757245 0.220930 0.030769 0.053667
0 0.734705 0.222272 0.028623 0.056351
0 0.966547 0.163685 0.030054 0.050089
0 0.943649 0.163238 0.028623 0.050984
0 0.920751 0.164132 0.028623 0.050984
0 0.898211 0.165027 0.029338 0.050984
0 0.873524 0.166369 0.028623 0.051878
0 0.850984 0.168157 0.029338 0.051878
0 0.828086 0.169052 0.030769 0.050089
0 0.804114 0.170394 0.028623 0.050984
0 0.780143 0.171735 0.029338 0.051878
0 0.757603 0.173077 0.028623 0.049195
0 0.733631 0.173524 0.027907 0.050089
0 0.968694 0.544723 0.031485 0.059034
0 0.966905 0.595259 0.032200 0.056351
0 0.940787 0.593470 0.028623 0.056351
0 0.915742 0.593023 0.030054 0.059034
0 0.891413 0.590787 0.032916 0.058140
0 0.866369 0.591234 0.028623 0.057245
0 0.840966 0.590340 0.033631 0.059034
0 0.815921 0.591234 0.030769 0.059034
0 0.791950 0.590340 0.030054 0.060823
0 0.945081 0.543828 0.031485 0.053667
0 0.919678 0.542039 0.027907 0.053667
0 0.894633 0.541592 0.030769 0.052773
0 0.868515 0.540698 0.030054 0.052773
0 0.843113 0.538909 0.030769 0.054562
0 0.818068 0.539356 0.030769 0.053667
0 0.793739 0.539356 0.030769 0.051878
0 0.973345 0.817531 0.033631 0.060823
0 0.971914 0.868962 0.033631 0.065295
0 0.950805 0.818873 0.031485 0.054562
0 0.946154 0.867621 0.033631 0.057245
0 0.922540 0.814848 0.032200 0.055456
0 0.921109 0.868068 0.032200 0.058140
0 0.897496 0.814401 0.030769 0.056351
0 0.893918 0.865385 0.033631 0.056351
0 0.870304 0.813506 0.030769 0.059928
0 0.867800 0.865832 0.031485 0.062612
0 0.845975 0.812165 0.029338 0.057245
0 0.841682 0.864043 0.033631 0.060823
0 0.818784 0.812612 0.032200 0.058140
0 0.815921 0.863596 0.032200 0.059928
0 0.793023 0.813506 0.029338 0.054562
0 0.791950 0.861807 0.030054 0.059928
0 0.751878 0.860018 0.030054 0.054562
0 0.726476 0.860912 0.030769 0.056351
0 0.700358 0.858229 0.031485 0.058140
0 0.674240 0.856887 0.030769 0.057245
0 0.648479 0.857782 0.035063 0.055456
0 0.622004 0.857335 0.032200 0.058140
0 0.595886 0.854651 0.031485 0.058140
0 0.569767 0.854204 0.033631 0.057245
0 0.542934 0.853757 0.031485 0.059928
0 0.516100 0.852415 0.033631 0.057245
0 0.490698 0.851968 0.030054 0.058140
0 0.754025 0.809928 0.031485 0.052773
0 0.729696 0.808140 0.030054 0.054562
0 0.702147 0.806798 0.032200 0.053667
0 0.676744 0.805009 0.031485 0.053667
0 0.650626 0.804562 0.032200 0.054562
0 0.623435 0.802773 0.029338 0.049195
0 0.597317 0.804562 0.031485 0.052773
0 0.570841 0.802326 0.028623 0.050089
0 0.544723 0.802773 0.029338 0.056351
0 0.518247 0.800984 0.029338 0.049195
0 0.492844 0.801431 0.030054 0.051878
0 0.437030 0.850179 0.030054 0.052773
0 0.410555 0.848390 0.030054 0.054562
0 0.385152 0.846601 0.030769 0.056351
0 0.358318 0.843470 0.030054 0.055456
0 0.333631 0.843918 0.030769 0.056351
0 0.306440 0.838998 0.027907 0.050089
0 0.281753 0.838551 0.030054 0.056351
0 0.257066 0.837657 0.032200 0.056351
0 0.230948 0.837209 0.032916 0.057245
0 0.205546 0.835868 0.032200 0.056351
0 0.179070 0.834526 0.029338 0.057245
0 0.437388 0.799642 0.027907 0.050089
0 0.411628 0.796512 0.032200 0.052773
0 0.385152 0.794723 0.029338 0.050984
0 0.360107 0.793381 0.029338 0.048301
0 0.334347 0.792039 0.030769 0.054562
0 0.308945 0.790250 0.032916 0.050984
0 0.280680 0.788462 0.030769 0.052773
0 0.255993 0.787120 0.030054 0.050089
0 0.231664 0.787120 0.030054 0.050089
0 0.205188 0.787567 0.030054 0.049195
0 0.179785 0.785331 0.026476 0.051878
0 0.138640 0.830501 0.025760 0.054562
0 0.115027 0.829159 0.028623 0.055456
0 0.089624 0.827818 0.030769 0.059928
0 0.066011 0.827370 0.036494 0.057245
0 0.041682 0.824687 0.036494 0.057245
0 0.018068 0.824687 0.033631 0.059034
0 0.140429 0.781306 0.029338 0.050984
0 0.113953 0.779517 0.029338 0.049195
0 0.089982 0.778175 0.030054 0.050089
0 0.064937 0.775492 0.031485 0.051878
0 0.039535 0.774597 0.030769 0.048301
0 0.016279 0.774150 0.027191 0.050984