0 0.254919 0.152057 0.032200 0.053667
0 0.230590 0.154741 0.033631 0.053667
0 0.208050 0.157424 0.032916 0.053667
0 0.183721 0.160107 0.034347 0.055456
0 0.017710 0.124329 0.028623 0.050089
0 0.040608 0.122093 0.025760 0.056351
0 0.063864 0.118962 0.026476 0.051878
0 0.086762 0.118515 0.022182 0.049195
0 0.110376 0.114490 0.022182 0.051878
0 0.133631 0.114490 0.021467 0.053667
0 0.157603 0.113596 0.025045 0.053667
0 0.178712 0.111360 0.022898 0.056351
0 0.203399 0.108676 0.026476 0.054562
0 0.227370 0.108676 0.022898 0.052773
0 0.249553 0.104651 0.025760 0.053667
0 0.020572 0.172630 0.022898 0.051878
0 0.043470 0.170841 0.024329 0.055456
0 0.066726 0.167710 0.022182 0.050984
0 0.089624 0.165921 0.025045 0.052773
0 0.113953 0.165027 0.023614 0.056351
0 0.136494 0.164580 0.021467 0.053667
0 0.145081 0.132826 0.000000 0.002683
0 0.158318 0.163685 0.023614 0.053667
0 0.561538 0.083631 0.025760 0.050984
0 0.585152 0.080501 0.025760 0.055456
0 0.609481 0.080948 0.025760 0.056351
0 0.632737 0.075581 0.025045 0.052773
0 0.657424 0.078712 0.025760 0.046512
0 0.681753 0.077370 0.027191 0.056351
0 0.705725 0.074687 0.026476 0.050984
0 0.729696 0.074687 0.021467 0.050984
0 0.751878 0.072451 0.024329 0.051878
0 0.777639 0.071109 0.025760 0.049195
0 0.800894 0.071556 0.025045 0.048301
0 0.802683 0.118515 0.025760 0.050984
0 0.561896 0.133721 0.026476 0.050984
0 0.586941 0.131485 0.023614 0.050089
0 0.610197 0.130590 0.021467 0.048301
0 0.634168 0.128354 0.023614 0.050984
0 0.658497 0.126565 0.026476 0.049195
0 0.682469 0.125671 0.025760 0.049195
0 0.706798 0.125224 0.024329 0.051878
0 0.730411 0.123435 0.025760 0.051878
0 0.752952 0.122987 0.022182 0.049195
0 0.780143 0.122093 0.026476 0.052773
0 0.311091 0.491503 0.025760 0.049195
0 0.336852 0.492844 0.024329 0.055456
0 0.362612 0.492844 0.025760 0.053667
0 0.388014 0.494633 0.023614 0.055456
0 0.414848 0.494186 0.028623 0.054562
0 0.440966 0.495528 0.023614 0.053667
0 0.466369 0.497317 0.024329 0.053667
0 0.492129 0.498658 0.027191 0.052773
0 0.518962 0.498211 0.023614 0.053667
0 0.544723 0.500000 0.026476 0.055456
0 0.571199 0.500894 0.026476 0.053667
0 0.570483 0.550089 0.025045 0.055456
0 0.545438 0.552326 0.026476 0.049195
0 0.518605 0.551431 0.025760 0.052773
0 0.493918 0.549195 0.025045 0.050089
0 0.466726 0.550089 0.025045 0.051878
0 0.440608 0.547853 0.022898 0.050984
0 0.414848 0.545170 0.027191 0.049195
0 0.388730 0.546064 0.025045 0.052773
0 0.363685 0.545617 0.026476 0.050089
0 0.336494 0.545170 0.027907 0.052773
0 0.312880 0.541592 0.025045 0.049195
0 0.609839 0.555903 0.026476 0.050984
0 0.634884 0.555009 0.025045 0.058140
0 0.660644 0.554562 0.022182 0.057245
0 0.687835 0.558140 0.022182 0.055456
0 0.713238 0.559928 0.022898 0.057245
0 0.740787 0.561717 0.023614 0.055456
0 0.766190 0.560823 0.022898 0.055456
0 0.791234 0.562165 0.022898 0.052773
0 0.817352 0.563059 0.025045 0.050984
0 0.842397 0.563506 0.023614 0.055456
0 0.868157 0.567531 0.023614 0.054562
0 0.613059 0.503131 0.024329 0.052773
0 0.637388 0.504472 0.027191 0.046512
0 0.662075 0.506261 0.026476 0.044723
0 0.688909 0.510286 0.025760 0.050984
0 0.715385 0.509392 0.027191 0.052773
0 0.742218 0.509839 0.026476 0.055456
0 0.767979 0.511628 0.025045 0.046512
0 0.793381 0.512970 0.024329 0.049195
0 0.820572 0.512970 0.027191 0.049195
0 0.846333 0.514758 0.025760 0.047406
0 0.873166 0.516995 0.026476 0.046512
0 0.294633 0.771467 0.027191 0.052773
0 0.321825 0.775045 0.025760 0.054562
0 0.348301 0.773703 0.027191 0.051878
0 0.374419 0.775492 0.025045 0.057245
0 0.402326 0.778623 0.027907 0.054562
0 0.428444 0.775939 0.022898 0.058140
0 0.455993 0.778175 0.023614 0.053667
0 0.481395 0.778623 0.025760 0.050984
0 0.509660 0.779964 0.027907 0.055456
0 0.536852 0.782200 0.025045 0.054562
0 0.564401 0.783989 0.022898 0.056351
0 0.563327 0.832737 0.025045 0.053667
0 0.536852 0.831843 0.027907 0.050089
0 0.295707 0.824687 0.026476 0.044723
0 0.321467 0.824240 0.025045 0.054562
0 0.347227 0.826029 0.023614 0.058140
0 0.374419 0.823345 0.026476 0.056351
0 0.400894 0.829606 0.025045 0.056351
0 0.426655 0.827818 0.025045 0.063506
0 0.454204 0.830054 0.024329 0.055456
0 0.481753 0.827818 0.025045 0.056351
0 0.509660 0.831395 0.027907 0.050984