0 0.966905 0.498658 0.023614 0.045617
0 0.940072 0.495528 0.024329 0.044723
0 0.916816 0.493739 0.022182 0.042934
0 0.892129 0.497317 0.025760 0.051878
0 0.866369 0.496422 0.027191 0.044723
0 0.841682 0.498211 0.022182 0.046512
0 0.818068 0.499553 0.022182 0.043828
0 0.792665 0.497317 0.022898 0.044723
0 0.767979 0.496422 0.023614 0.046512
0 0.967621 0.448122 0.022182 0.048301
0 0.942218 0.448569 0.020036 0.045617
0 0.916458 0.446333 0.022898 0.050089
0 0.892487 0.450358 0.026476 0.050984
0 0.868873 0.447227 0.026476 0.050089
0 0.843470 0.448122 0.025760 0.051878
0 0.817352 0.446333 0.025045 0.050089
0 0.793739 0.446333 0.023614 0.051878
0 0.770841 0.445886 0.022182 0.049195
0 0.731127 0.495081 0.021467 0.047406
0 0.707156 0.496422 0.022182 0.048301
0 0.680680 0.493292 0.023614 0.047406
0 0.657782 0.491055 0.023614 0.050089
0 0.632021 0.493739 0.020751 0.046512
0 0.606261 0.490608 0.025045 0.045617
0 0.581574 0.491055 0.020036 0.046512
0 0.556887 0.494186 0.022182 0.043828
0 0.530769 0.491950 0.022898 0.048301
0 0.507513 0.492397 0.019320 0.045617
0 0.483542 0.491950 0.020036 0.048301
0 0.733274 0.447227 0.024329 0.050089
0 0.707871 0.445438 0.022182 0.050089
0 0.681038 0.448122 0.022898 0.050089
0 0.656708 0.444544 0.024329 0.046512
0 0.634168 0.445438 0.022182 0.048301
0 0.608766 0.445438 0.024329 0.048301
0 0.581932 0.444991 0.022182 0.045617
0 0.559034 0.446333 0.025045 0.048301
0 0.533989 0.445886 0.022182 0.049195
0 0.510733 0.444991 0.022898 0.047406
0 0.483184 0.444991 0.025045 0.050984
0 0.701789 0.265653 0.021467 0.046512
0 0.677102 0.264311 0.022182 0.043828
0 0.655635 0.263864 0.023614 0.041145
0 0.630233 0.262075 0.024329 0.044723
0 0.607335 0.262970 0.020036 0.044723
0 0.583363 0.260733 0.026476 0.043828
0 0.559034 0.261628 0.023614 0.043828
0 0.536494 0.264311 0.022898 0.047406
0 0.511449 0.262970 0.024329 0.046512
0 0.487835 0.263864 0.022898 0.044723
0 0.463148 0.260286 0.023614 0.044723
0 0.701431 0.212433 0.023614 0.049195
0 0.677818 0.213775 0.020751 0.046512
0 0.654204 0.215564 0.023614 0.046512
0 0.630590 0.215564 0.023614 0.048301
0 0.607335 0.214669 0.021467 0.046512
0 0.580859 0.210644 0.025760 0.045617
0 0.561181 0.213327 0.022182 0.049195
0 0.535778 0.213775 0.022898 0.046512
0 0.512165 0.213327 0.021467 0.045617
0 0.487478 0.212433 0.023614 0.045617
0 0.464222 0.209750 0.024329 0.049195
0 0.972272 0.262075 0.021467 0.041145
0 0.949732 0.262970 0.027907 0.044723
0 0.924329 0.262075 0.024329 0.048301
0 0.900000 0.261628 0.025760 0.045617
0 0.877460 0.262522 0.023614 0.043828
0 0.855993 0.262075 0.022182 0.044723
0 0.832021 0.263417 0.022898 0.045617
0 0.807335 0.263864 0.020751 0.044723
0 0.784794 0.263417 0.021467 0.045617
0 0.760107 0.261628 0.023614 0.042039
0 0.738640 0.261628 0.020751 0.045617
0 0.973345 0.215116 0.019320 0.045617
0 0.950805 0.216011 0.020036 0.043828
0 0.925760 0.214222 0.020036 0.042039
0 0.901789 0.214669 0.022182 0.041145
0 0.879964 0.215116 0.020036 0.047406
0 0.856708 0.213327 0.023614 0.049195
0 0.831664 0.212433 0.025045 0.050984
0 0.806977 0.212880 0.024329 0.050089
0 0.785152 0.212880 0.020751 0.046512
0 0.763685 0.211091 0.023614 0.048301
0 0.736136 0.212433 0.021467 0.052773
0 0.979428 0.758945 0.022898 0.047406
0 0.954383 0.758945 0.024329 0.045617
0 0.927549 0.756708 0.026476 0.046512
0 0.905009 0.758945 0.021467 0.042039
0 0.878175 0.757603 0.030769 0.042934
0 0.851342 0.759839 0.024329 0.043828
0 0.824866 0.757156 0.024329 0.045617
0 0.981574 0.711091 0.025760 0.046512
0 0.957961 0.708408 0.024329 0.046512
0 0.930769 0.708855 0.024329 0.049195
0 0.908229 0.707066 0.026476 0.047406
0 0.881395 0.711091 0.024329 0.048301
0 0.853846 0.711091 0.023614 0.050089
0 0.829517 0.710197 0.023614 0.048301
0 0.788372 0.756708 0.022898 0.046512
0 0.762970 0.759839 0.026476 0.049195
0 0.737209 0.757603 0.029338 0.048301
0 0.709302 0.758497 0.023614 0.048301
0 0.685331 0.753578 0.027191 0.045617
0 0.660286 0.753578 0.024329 0.045617
0 0.632737 0.754919 0.023614 0.044723
0 0.606619 0.757156 0.025760 0.050984
0 0.582648 0.756708 0.025045 0.048301
0 0.552952 0.753578 0.022898 0.050984
0 0.528265 0.754472 0.022182 0.049195
0 0.789445 0.707513 0.023614 0.048301
0 0.762612 0.706619 0.022898 0.048301
0 0.739356 0.707066 0.025045 0.047406
0 0.711091 0.706619 0.024329 0.051878
0 0.686404 0.702594 0.025045 0.052773
0 0.659928 0.703488 0.025045 0.049195
0 0.633453 0.704830 0.022182 0.050089
0 0.608408 0.704830 0.025045 0.046512
0 0.582648 0.703936 0.022182 0.048301
0 0.556530 0.705725 0.027191 0.051878
0 0.530054 0.703488 0.024329 0.049195
0 0.491055 0.752683 0.026476 0.050984
0 0.466726 0.754472 0.023614 0.050984
0 0.440250 0.751342 0.026476 0.051878
0 0.414490 0.751789 0.030769 0.052773
0 0.389803 0.750894 0.027191 0.052773
0 0.362254 0.750000 0.027907 0.049195
0 0.340072 0.751789 0.026476 0.050984
0 0.310018 0.752683 0.027907 0.050984
0 0.286762 0.752236 0.031485 0.051878
0 0.263864 0.749553 0.027191 0.042934
0 0.234168 0.749106 0.032200 0.052773
0 0.490340 0.701252 0.025045 0.044723
0 0.465295 0.702147 0.026476 0.046512
0 0.440608 0.700805 0.024329 0.043828
0 0.415564 0.702594 0.028623 0.052773
0 0.388730 0.701252 0.029338 0.046512
0 0.364043 0.701699 0.028623 0.045617
0 0.337567 0.700358 0.030054 0.048301
0 0.312165 0.703936 0.023614 0.050089
0 0.285689 0.702147 0.029338 0.048301
0 0.259928 0.700805 0.025045 0.049195
0 0.236315 0.699911 0.026476 0.047406
0 0.446333 0.491950 0.022898 0.044723
0 0.420215 0.496422 0.022182 0.046512
0 0.395170 0.495081 0.020751 0.043828
0 0.372987 0.495528 0.025045 0.044723
0 0.347585 0.497317 0.022898 0.044723
0 0.323256 0.495081 0.024329 0.043828
0 0.298211 0.498658 0.024329 0.045617
0 0.275313 0.495081 0.024329 0.043828
0 0.250984 0.495975 0.025760 0.043828
0 0.226297 0.496422 0.025045 0.042934
0 0.203399 0.497317 0.025045 0.044723
0 0.444544 0.444544 0.026476 0.044723
0 0.419499 0.443649 0.026476 0.044723
0 0.393023 0.448569 0.023614 0.047406
0 0.370483 0.445438 0.031485 0.050089
0 0.346512 0.445886 0.029338 0.050984
0 0.321109 0.446333 0.027191 0.048301
0 0.298211 0.446333 0.028623 0.044723
0 0.271735 0.448569 0.024329 0.045617
0 0.249195 0.449911 0.027907 0.046512
0 0.224150 0.446780 0.032200 0.047406
0 0.201610 0.447674 0.024329 0.047406
0 0.428444 0.259392 0.021467 0.042934
0 0.405903 0.260733 0.023614 0.045617
0 0.383721 0.260733 0.022182 0.043828
0 0.359034 0.260286 0.024329 0.048301
0 0.335778 0.261628 0.026476 0.045617
0 0.310376 0.263864 0.024329 0.042934
0 0.285689 0.260733 0.025045 0.042039
0 0.263506 0.263864 0.025045 0.042934
0 0.240250 0.263864 0.027191 0.044723
0 0.216637 0.260286 0.024329 0.046512
0 0.193381 0.268784 0.023614 0.047406
0 0.427370 0.213775 0.023614 0.041145
0 0.403757 0.211538 0.019320 0.043828
0 0.379785 0.211091 0.022898 0.046512
0 0.357603 0.211538 0.025760 0.047406
0 0.335063 0.210644 0.022182 0.047406
0 0.311449 0.212880 0.022182 0.051878
0 0.287120 0.211091 0.022182 0.044723
0 0.266011 0.212880 0.025760 0.046512
0 0.242397 0.213327 0.024329 0.047406
0 0.219141 0.213775 0.023614 0.048301
0 0.194097 0.215564 0.022182 0.050089