0 0.405546 0.046064 0.022898 0.045617
0 0.383721 0.047853 0.027907 0.043828
0 0.361538 0.045170 0.023614 0.042039
0 0.339714 0.049195 0.027191 0.044723
0 0.315385 0.047853 0.024329 0.042039
0 0.296422 0.046064 0.023614 0.042039
0 0.272809 0.048301 0.025045 0.044723
0 0.250626 0.047406 0.023614 0.041145
0 0.229517 0.047406 0.024329 0.042934
0 0.208766 0.048301 0.022898 0.041145
0 0.185510 0.050984 0.020751 0.041145
0 0.416637 0.251342 0.025045 0.041145
0 0.391950 0.248658 0.025760 0.046512
0 0.369410 0.250894 0.026476 0.042039
0 0.347585 0.250894 0.020036 0.042039
0 0.325760 0.250447 0.023614 0.039356
0 0.300716 0.250894 0.022182 0.042039
0 0.277102 0.253131 0.023614 0.042934
0 0.255993 0.249553 0.021467 0.046512
0 0.233095 0.252683 0.020036 0.042039
0 0.210555 0.250447 0.025045 0.046512
0 0.187657 0.252683 0.025045 0.045617
0 0.417710 0.203488 0.024329 0.047406
0 0.394454 0.205277 0.022182 0.045617
0 0.371199 0.202594 0.022898 0.049195
0 0.346512 0.203936 0.025045 0.051878
0 0.324687 0.203936 0.022898 0.044723
0 0.300000 0.202594 0.025045 0.049195
0 0.280322 0.204383 0.021467 0.047406
0 0.255635 0.204830 0.022182 0.048301
0 0.232021 0.205725 0.023614 0.041145
0 0.209839 0.205725 0.027907 0.041145
0 0.187299 0.205725 0.020036 0.046512
0 0.687835 0.256708 0.022182 0.048301
0 0.664580 0.255814 0.021467 0.048301
0 0.639893 0.254919 0.023614 0.048301
0 0.616279 0.254472 0.019320 0.043828
0 0.592665 0.254025 0.026476 0.044723
0 0.567979 0.252236 0.024329 0.042934
0 0.546154 0.254472 0.022182 0.045617
0 0.520751 0.250000 0.027191 0.047406
0 0.497496 0.249553 0.022182 0.046512
0 0.476029 0.250000 0.022182 0.043828
0 0.454919 0.250447 0.020036 0.042934
0 0.687120 0.207961 0.022182 0.049195
0 0.664937 0.209302 0.022182 0.044723
0 0.640608 0.206172 0.020751 0.050984
0 0.615564 0.208408 0.022182 0.046512
0 0.594097 0.206172 0.022182 0.047406
0 0.570125 0.204830 0.021467 0.044723
0 0.546512 0.208855 0.020036 0.049195
0 0.524687 0.204830 0.022182 0.044723
0 0.498211 0.204383 0.026476 0.043828
0 0.476386 0.204383 0.022898 0.049195
0 0.453131 0.201252 0.022182 0.046512
0 0.714669 0.487478 0.022898 0.044723
0 0.691413 0.491503 0.023614 0.049195
0 0.666011 0.490161 0.024329 0.046512
0 0.641682 0.489714 0.024329 0.045617
0 0.616995 0.490161 0.023614 0.046512
0 0.591234 0.487030 0.025045 0.047406
0 0.567979 0.488372 0.022898 0.044723
0 0.544723 0.489267 0.023614 0.046512
0 0.521109 0.489267 0.023614 0.044723
0 0.494991 0.485689 0.022898 0.044723
0 0.469946 0.487478 0.024329 0.042934
0 0.716100 0.443649 0.024329 0.046512
0 0.691413 0.444097 0.022182 0.043828
0 0.667084 0.441413 0.022182 0.045617
0 0.643828 0.442308 0.024329 0.047406
0 0.617710 0.440519 0.023614 0.049195
0 0.592665 0.440519 0.023614 0.049195
0 0.568336 0.438283 0.022182 0.048301
0 0.543649 0.439177 0.024329 0.051878
0 0.520036 0.439177 0.022898 0.050089
0 0.494633 0.438283 0.022182 0.046512
0 0.469589 0.437835 0.026476 0.047406
0 0.772272 0.742397 0.020751 0.046512
0 0.747227 0.738819 0.023614 0.042934
0 0.724329 0.741503 0.023614 0.046512
0 0.695707 0.741503 0.026476 0.048301
0 0.671735 0.741055 0.024329 0.045617
0 0.646333 0.740161 0.023614 0.047406
0 0.620572 0.738372 0.027907 0.049195
0 0.592308 0.739714 0.027191 0.048301
0 0.568336 0.738372 0.023614 0.047406
0 0.542576 0.736583 0.025045 0.045617
0 0.516458 0.736136 0.024329 0.048301
0 0.772987 0.693202 0.025045 0.044723
0 0.747943 0.688283 0.027907 0.047406
0 0.725045 0.690072 0.023614 0.047406
0 0.697853 0.688730 0.029338 0.048301
0 0.671735 0.690966 0.027191 0.049195
0 0.646691 0.690519 0.028623 0.048301
0 0.620572 0.689177 0.026476 0.047406
0 0.595170 0.689177 0.025760 0.049195
0 0.569410 0.687835 0.022898 0.044723
0 0.541503 0.687388 0.024329 0.049195
0 0.517531 0.688283 0.023614 0.047406