0 0.271020 0.444097 0.025760 0.045617
0 0.245259 0.445886 0.022898 0.049195
0 0.221288 0.444544 0.026476 0.048301
0 0.196959 0.444991 0.025045 0.050984
0 0.172272 0.444544 0.024329 0.048301
0 0.147227 0.444991 0.022898 0.047406
0 0.122898 0.443202 0.027191 0.049195
0 0.098569 0.443202 0.022898 0.045617
0 0.074240 0.443202 0.021467 0.043828
0 0.050626 0.442755 0.022898 0.044723
0 0.027013 0.444097 0.025760 0.047406
0 0.270304 0.391771 0.024329 0.048301
0 0.243828 0.394007 0.025760 0.050984
0 0.219141 0.393560 0.025045 0.048301
0 0.194812 0.391324 0.026476 0.050984
0 0.171556 0.392665 0.024329 0.050089
0 0.145796 0.391771 0.024329 0.050089
0 0.121109 0.390877 0.023614 0.048301
0 0.097138 0.393113 0.025760 0.049195
0 0.071377 0.393113 0.024329 0.050984
0 0.048122 0.394007 0.026476 0.045617
0 0.023435 0.395796 0.027191 0.049195
0 0.866011 0.716458 0.026476 0.051878
0 0.839535 0.715564 0.025045 0.050089
0 0.813417 0.716458 0.027191 0.051878
0 0.787657 0.716905 0.024329 0.050984
0 0.759750 0.713775 0.027191 0.048301
0 0.732916 0.714222 0.026476 0.050984
0 0.706798 0.714222 0.024329 0.047406
0 0.681753 0.713327 0.025760 0.047406
0 0.655635 0.714222 0.025045 0.049195
0 0.628444 0.713775 0.026476 0.048301
0 0.601610 0.713327 0.025760 0.047406
0 0.866011 0.665027 0.026476 0.050984
0 0.839893 0.664580 0.024329 0.051878
0 0.814132 0.664132 0.027191 0.054562
0 0.788730 0.665027 0.023614 0.052773
0 0.761181 0.663238 0.025760 0.050984
0 0.735063 0.663238 0.023614 0.049195
0 0.710018 0.663685 0.025045 0.050089
0 0.682469 0.661449 0.025760 0.050984
0 0.655993 0.660555 0.028623 0.050984
0 0.630590 0.661449 0.026476 0.052773
0 0.601968 0.663238 0.025045 0.049195