0 0.422719 0.221825 0.024329 0.046512
0 0.398748 0.225403 0.023614 0.044723
0 0.375134 0.224508 0.023614 0.046512
0 0.352236 0.223614 0.025045 0.042934
0 0.328980 0.223166 0.022898 0.045617
0 0.304651 0.221377 0.022898 0.042039
0 0.280680 0.222719 0.025045 0.041145
0 0.257782 0.222719 0.023614 0.042934
0 0.235242 0.222272 0.022898 0.043828
0 0.212343 0.223166 0.027191 0.043828
0 0.190161 0.223614 0.025760 0.042934
0 0.422004 0.177102 0.024329 0.044723
0 0.397317 0.177549 0.025045 0.047406
0 0.374419 0.175313 0.025045 0.044723
0 0.351521 0.174866 0.020751 0.043828
0 0.328265 0.175760 0.022898 0.045617
0 0.302862 0.175760 0.022182 0.043828
0 0.281395 0.173971 0.025045 0.043828
0 0.258497 0.173971 0.022182 0.043828
0 0.235242 0.175313 0.024329 0.044723
0 0.212701 0.175313 0.023614 0.042934
0 0.188372 0.174419 0.023614 0.046512
0 0.693918 0.223614 0.022898 0.048301
0 0.669231 0.223614 0.022182 0.044723
0 0.645975 0.223166 0.021467 0.040250
0 0.622719 0.223166 0.023614 0.049195
0 0.598032 0.223614 0.022898 0.044723
0 0.574776 0.223166 0.022182 0.045617
0 0.550089 0.222272 0.021467 0.045617
0 0.526476 0.222719 0.022898 0.044723
0 0.503936 0.223614 0.022182 0.046512
0 0.479964 0.224508 0.022898 0.044723
0 0.455993 0.223614 0.023614 0.044723
0 0.692487 0.173971 0.022898 0.043828
0 0.669946 0.173524 0.023614 0.050089
0 0.646333 0.174419 0.022182 0.048301
0 0.622719 0.174419 0.022182 0.046512
0 0.597674 0.173971 0.026476 0.047406
0 0.575134 0.173971 0.024329 0.049195
0 0.549732 0.173524 0.020751 0.044723
0 0.528980 0.173971 0.025045 0.047406
0 0.502147 0.176655 0.024329 0.049195
0 0.478891 0.174419 0.023614 0.044723
0 0.456351 0.173971 0.021467 0.049195
0 0.746869 0.466458 0.024329 0.045617
0 0.722540 0.465116 0.025760 0.046512
0 0.697496 0.465116 0.022898 0.046512
0 0.673524 0.464222 0.022182 0.044723
0 0.647764 0.464222 0.022182 0.048301
0 0.624150 0.465116 0.022182 0.046512
0 0.599821 0.466458 0.023614 0.045617
0 0.574419 0.465564 0.022898 0.047406
0 0.549016 0.466905 0.020751 0.046512
0 0.527191 0.469141 0.025760 0.045617
0 0.500358 0.466905 0.020751 0.044723
0 0.748301 0.418157 0.024329 0.052773
0 0.720751 0.415921 0.023614 0.050089
0 0.696780 0.415921 0.022898 0.050089
0 0.673882 0.415474 0.022898 0.043828
0 0.648837 0.418157 0.022898 0.047406
0 0.623435 0.418157 0.022182 0.043828
0 0.598032 0.416369 0.022898 0.047406
0 0.575134 0.417263 0.027191 0.045617
0 0.549732 0.416816 0.023614 0.046512
0 0.525403 0.416369 0.023614 0.049195
0 0.499642 0.415921 0.022182 0.046512
0 0.463148 0.463775 0.022182 0.045617
0 0.440250 0.464222 0.023614 0.042934
0 0.414848 0.462433 0.022898 0.048301
0 0.390519 0.462880 0.024329 0.045617
0 0.365116 0.464222 0.023614 0.046512
0 0.341860 0.463775 0.021467 0.047406
0 0.318247 0.463327 0.025760 0.048301
0 0.293918 0.463775 0.024329 0.047406
0 0.267800 0.462880 0.023614 0.047406
0 0.243470 0.464669 0.022182 0.045617
0 0.219857 0.463775 0.023614 0.045617
0 0.463864 0.415027 0.022182 0.048301
0 0.438104 0.413685 0.025045 0.050984
0 0.413775 0.414132 0.023614 0.050089
0 0.390519 0.413685 0.025760 0.047406
0 0.365116 0.413238 0.025045 0.046512
0 0.340787 0.412791 0.022182 0.049195
0 0.316458 0.412791 0.026476 0.050984
0 0.292129 0.415921 0.022182 0.048301
0 0.267084 0.414580 0.025045 0.049195
0 0.242755 0.414580 0.023614 0.049195
0 0.218784 0.413238 0.024329 0.051878
0 0.753309 0.721825 0.025760 0.051878
0 0.728623 0.722719 0.025045 0.048301
0 0.703220 0.720483 0.022898 0.047406
0 0.676744 0.721825 0.024329 0.048301
0 0.652057 0.720930 0.023614 0.050089
0 0.624150 0.720483 0.026476 0.052773
0 0.599821 0.723166 0.022182 0.050984
0 0.572272 0.722719 0.025760 0.048301
0 0.547943 0.722719 0.021467 0.050089
0 0.520394 0.723166 0.023614 0.052773
0 0.496064 0.721377 0.022182 0.049195
0 0.754741 0.670841 0.024329 0.048301
0 0.728265 0.670841 0.024329 0.050089
0 0.701789 0.672182 0.022898 0.045617
0 0.677818 0.675313 0.027907 0.051878
0 0.650268 0.671735 0.024329 0.044723
0 0.627728 0.673077 0.026476 0.047406
0 0.599106 0.670841 0.026476 0.046512
0 0.574061 0.672182 0.025045 0.049195
0 0.550089 0.671735 0.025760 0.048301
0 0.523614 0.669052 0.027191 0.050089
0 0.494991 0.667710 0.028623 0.050984
0 0.455993 0.722272 0.022182 0.047406
0 0.431306 0.723166 0.022898 0.049195
0 0.405546 0.720036 0.025760 0.048301
0 0.380143 0.719141 0.023614 0.042934
0 0.354025 0.721825 0.024329 0.048301
0 0.327907 0.721825 0.023614 0.046512
0 0.303220 0.717352 0.024329 0.046512
0 0.277102 0.717800 0.023614 0.045617
0 0.252057 0.718694 0.022182 0.047406
0 0.228086 0.719141 0.025760 0.046512
0 0.204114 0.718247 0.025045 0.048301
0 0.458140 0.669499 0.026476 0.050984
0 0.431306 0.669052 0.025760 0.053667
0 0.405903 0.669499 0.023614 0.047406
0 0.379428 0.668605 0.027907 0.049195
0 0.353667 0.669946 0.026476 0.048301
0 0.330411 0.669052 0.027191 0.050089
0 0.305009 0.669946 0.026476 0.050089
0 0.278175 0.667710 0.025760 0.049195
0 0.252415 0.669052 0.024329 0.050089
0 0.227728 0.669052 0.025045 0.051878
0 0.202326 0.665474 0.025760 0.050089