15 0.251736 0.118827 0.053627 0.067901
15 0.370949 0.176955 0.076775 0.092593
15 0.262924 0.385031 0.059028 0.084877
15 0.223958 0.315072 0.072917 0.102366
15 0.155285 0.379372 0.050540 0.080761
15 0.134838 0.613683 0.055170 0.065844
15 0.796489 0.592593 0.062886 0.098765
15 0.815779 0.702675 0.057485 0.093621
15 0.588156 0.694187 0.055170 0.073560
15 0.754051 0.124228 0.037423 0.046811
15 0.676119 0.088992 0.031250 0.027778
15 0.599344 0.084105 0.030478 0.038580
15 0.559799 0.104681 0.040123 0.041667
15 0.465278 0.103909 0.045525 0.050412
15 0.446373 0.170010 0.047068 0.064300
15 0.170718 0.929270 0.055170 0.082819
15 0.770640 0.958848 0.068287 0.073045
