15 0.346065 0.227623 0.040895 0.043724
15 0.641204 0.222222 0.050154 0.057613
15 0.287809 0.530350 0.048611 0.077160
15 0.036844 0.226852 0.042052 0.063786
15 0.217978 0.192387 0.028549 0.046296
15 0.712963 0.435700 0.049383 0.064815
15 0.832369 0.910494 0.054398 0.075103
15 0.911844 0.596451 0.017361 0.041667
15 0.514275 0.520576 0.030093 0.051440
15 0.470679 0.402006 0.027778 0.035494
15 0.367091 0.769805 0.032793 0.051955
15 0.534529 0.197788 0.025849 0.044753
15 0.765239 0.185700 0.024306 0.033951
