15 0.414738 0.186214 0.057870 0.060700
15 0.356674 0.120628 0.064429 0.057099
15 0.244985 0.202675 0.040123 0.055556
15 0.402392 0.438014 0.053241 0.052984
15 0.765432 0.529321 0.063272 0.091564
15 0.937693 0.541152 0.053627 0.097737
15 0.806906 0.679270 0.061343 0.101337
15 0.251736 0.894805 0.089892 0.092078
15 0.788387 0.963992 0.069830 0.072016
15 0.656636 0.966049 0.062500 0.061728
15 0.630787 0.469136 0.054784 0.077160
15 0.577353 0.222222 0.060571 0.065844
15 0.730903 0.180813 0.042052 0.066358
15 0.159336 0.279835 0.047068 0.055556
15 0.123650 0.215792 0.052855 0.061214
15 0.088735 0.366512 0.038580 0.058128
15 0.178434 0.532150 0.041281 0.063272
15 0.258681 0.674383 0.033565 0.068930
15 0.340471 0.740998 0.048997 0.067387
15 0.395640 0.590792 0.030478 0.049897
15 0.420525 0.530350 0.021605 0.051440
15 0.494792 0.518004 0.030478 0.048354
15 0.291281 0.193416 0.047068 0.068930
15 0.181713 0.157665 0.046296 0.045782
15 0.058063 0.169753 0.039738 0.058642
15 0.058835 0.723251 0.043596 0.066872
