15 0.052083 0.180041 0.044753 0.077160
15 0.232446 0.122171 0.070602 0.086934
15 0.439815 0.033693 0.070216 0.064300
15 0.702353 0.219650 0.043596 0.050412
15 0.590471 0.211934 0.041281 0.048354
15 0.255015 0.302212 0.042438 0.047840
15 0.070602 0.419496 0.038580 0.044753
15 0.149113 0.467335 0.038194 0.059156
15 0.167824 0.557099 0.035494 0.040123
15 0.676505 0.558385 0.025077 0.036523
15 0.576968 0.436471 0.037423 0.065329
15 0.859375 0.691615 0.045139 0.064300
15 0.864198 0.782150 0.043210 0.072531
15 0.682677 0.798868 0.029707 0.044239
15 0.938079 0.909979 0.059028 0.096708
15 0.806713 0.723508 0.044753 0.071502
15 0.734375 0.664866 0.032793 0.042695
