15 0.722029 0.452418 0.038194 0.084877
15 0.786844 0.525720 0.033565 0.063786
15 0.869599 0.611883 0.035494 0.068416
15 0.569444 0.267233 0.027006 0.047840
15 0.347222 0.439815 0.064815 0.078189
15 0.150463 0.324331 0.050926 0.078704
15 0.387924 0.228395 0.053627 0.069959
15 0.256559 0.170525 0.041667 0.068416
15 0.313465 0.693673 0.020448 0.036523
15 0.125965 0.673097 0.027392 0.049897
15 0.092593 0.398148 0.038580 0.049383
15 0.966049 0.296296 0.022377 0.030864
15 0.650656 0.823302 0.028935 0.044753
15 0.549576 0.941872 0.042824 0.051440
15 0.627122 0.541409 0.027392 0.035494
15 0.591628 0.362397 0.041281 0.068416
15 0.518904 0.350566 0.040123 0.055041
15 0.205633 0.810185 0.038580 0.045267
15 0.144869 0.825360 0.025077 0.040638
