15 0.367863 0.507202 0.076003 0.108025
15 0.406057 0.619084 0.062886 0.083848
15 0.431713 0.698302 0.038580 0.052984
15 0.439815 0.749743 0.058642 0.065329
15 0.479745 0.673611 0.048225 0.077675
15 0.288194 0.325103 0.055556 0.060700
15 0.282986 0.384259 0.069830 0.083333
15 0.447145 0.152778 0.067130 0.083333
15 0.528742 0.211420 0.061343 0.088477
15 0.566358 0.272634 0.057870 0.085391
15 0.735918 0.410751 0.064429 0.094136
15 0.643904 0.467078 0.064043 0.082305
15 0.629437 0.389918 0.045910 0.072016
15 0.251736 0.084877 0.053627 0.065844
15 0.320795 0.111626 0.052083 0.068930
15 0.172261 0.348765 0.038194 0.060700
15 0.183642 0.193416 0.051698 0.065844
15 0.115162 0.189043 0.037423 0.062243
15 0.076582 0.357767 0.026620 0.049897
15 0.358410 0.633488 0.050154 0.070473
15 0.231096 0.517233 0.027006 0.061214
15 0.733796 0.163580 0.038580 0.043210
15 0.875193 0.670782 0.045910 0.105967
