15 0.423804 0.674126 0.063657 0.069444
15 0.368441 0.487912 0.049383 0.074588
15 0.305941 0.469907 0.048611 0.059156
15 0.224923 0.440586 0.044753 0.082819
15 0.420718 0.249743 0.050540 0.064300
15 0.397762 0.186986 0.065586 0.061214
15 0.404900 0.149949 0.050540 0.067387
15 0.351852 0.306327 0.050926 0.059156
15 0.412037 0.345936 0.050926 0.061214
15 0.438272 0.428498 0.044753 0.069959
15 0.541088 0.481481 0.051312 0.082305
15 0.733989 0.695730 0.055941 0.090021
15 0.589892 0.799383 0.065586 0.077160
15 0.530285 0.749228 0.060571 0.073560
15 0.435571 0.776235 0.069444 0.089506
15 0.259645 0.724794 0.044753 0.077160
15 0.164931 0.717850 0.060571 0.107510
15 0.139468 0.419496 0.062886 0.076646
15 0.079282 0.362140 0.053627 0.096708
15 0.299576 0.238169 0.042052 0.064815
15 0.247878 0.196759 0.050540 0.069444
15 0.343557 0.059928 0.043596 0.058128
15 0.469907 0.059928 0.063272 0.072531
15 0.635610 0.226337 0.063657 0.080247
15 0.630208 0.408693 0.048225 0.067387
15 0.657407 0.456533 0.022377 0.042695
15 0.633488 0.488169 0.044753 0.056584
15 0.693094 0.652006 0.038966 0.071502
15 0.793596 0.502058 0.039352 0.072016
