15 0.280478 0.134259 0.080247 0.109053
15 0.356674 0.467593 0.093750 0.155350
15 0.309606 0.576646 0.080633 0.115226
15 0.453704 0.284208 0.070216 0.093107
15 0.116512 0.442644 0.030093 0.037551
15 0.062886 0.103138 0.047068 0.083848
15 0.047454 0.337706 0.038580 0.073560
15 0.635995 0.894290 0.065972 0.095165
15 0.872299 0.498714 0.047068 0.095165
15 0.795525 0.360854 0.043981 0.052984
15 0.943866 0.679012 0.033565 0.066872
15 0.956983 0.515947 0.018904 0.056584
15 0.778164 0.518519 0.027778 0.049383
15 0.701968 0.496142 0.026620 0.048868
15 0.538773 0.265689 0.036651 0.037551
15 0.342014 0.793724 0.048225 0.065844
15 0.823495 0.974537 0.049769 0.050926
15 0.384259 0.241255 0.070216 0.084362
15 0.582369 0.359568 0.039738 0.050412
15 0.178434 0.110082 0.044367 0.052469
