15 0.407986 0.405093 0.044367 0.045782
15 0.665316 0.072274 0.045910 0.058128
15 0.448495 0.131430 0.035880 0.041667
15 0.095293 0.587706 0.032407 0.060185
15 0.671489 0.907407 0.057485 0.069959
15 0.792245 0.494599 0.027392 0.052984
15 0.834877 0.382459 0.038580 0.074588
15 0.832948 0.283951 0.043981 0.079218
15 0.733410 0.309414 0.047068 0.062243
15 0.635995 0.337191 0.048225 0.067387
15 0.917052 0.349023 0.029321 0.050926
15 0.241898 0.940586 0.053241 0.064300
15 0.497106 0.729938 0.029707 0.042181
