15 0.717593 0.195216 0.047068 0.066358
15 0.682870 0.358025 0.037037 0.051440
15 0.572724 0.597994 0.059028 0.068416
15 0.377315 0.091564 0.060185 0.060700
15 0.173804 0.257716 0.048997 0.054527
15 0.263117 0.245370 0.033179 0.047325
15 0.341821 0.150463 0.036265 0.042695
15 0.406250 0.231996 0.031636 0.033951
15 0.540509 0.160237 0.037037 0.049897
15 0.222415 0.503344 0.037423 0.051955
15 0.063850 0.545782 0.043596 0.062757
15 0.661844 0.941358 0.043596 0.056584
15 0.437307 0.656636 0.023534 0.039609
15 0.543981 0.675926 0.023148 0.032922
15 0.269483 0.792953 0.020448 0.032407
15 0.276235 0.901492 0.034722 0.049897
15 0.055170 0.820473 0.038580 0.052469
15 0.210648 0.079218 0.038580 0.048354
