15 0.281829 0.336420 0.055170 0.080247
15 0.325810 0.264146 0.047454 0.090021
15 0.345872 0.188529 0.065201 0.067387
15 0.171682 0.183385 0.094907 0.105453
15 0.181327 0.256687 0.057099 0.085391
15 0.218171 0.316358 0.057485 0.074074
15 0.141975 0.385802 0.035494 0.048354
15 0.097222 0.431070 0.047840 0.067901
15 0.150463 0.478909 0.052469 0.080247
15 0.321759 0.450103 0.052469 0.058642
15 0.711806 0.596451 0.061728 0.080761
15 0.739390 0.702932 0.040509 0.086934
15 0.754437 0.838477 0.062114 0.100823
15 0.827353 0.648663 0.046682 0.085391
15 0.850887 0.519290 0.042824 0.076646
15 0.743248 0.408693 0.046682 0.073560
15 0.872106 0.322274 0.046682 0.094136
15 0.900656 0.295010 0.045910 0.095165
15 0.931134 0.355710 0.048997 0.078704
15 0.893326 0.400720 0.052855 0.088477
15 0.291474 0.726337 0.067515 0.077160
15 0.348765 0.744084 0.030093 0.055041
15 0.482060 0.794753 0.038966 0.085391
15 0.295139 0.571502 0.033951 0.041152
15 0.078318 0.710648 0.050926 0.102366
15 0.128665 0.620885 0.035880 0.054527
15 0.108603 0.585391 0.045910 0.070988
15 0.055748 0.503601 0.059028 0.088477
15 0.217978 0.551698 0.040895 0.061214
15 0.239583 0.449331 0.031636 0.052984
15 0.421296 0.225823 0.032407 0.043210
15 0.354552 0.088477 0.054012 0.067901
15 0.469907 0.089763 0.033951 0.038580
15 0.407986 0.860854 0.069059 0.079733
15 0.145062 0.888889 0.047068 0.067901
15 0.149306 0.785237 0.050926 0.078704
15 0.079475 0.821759 0.043210 0.067387
