15 0.128279 0.066872 0.065972 0.073045
15 0.237847 0.056327 0.073688 0.093107
15 0.158565 0.307099 0.068673 0.089506
15 0.141397 0.470422 0.042052 0.087963
15 0.584491 0.131430 0.048611 0.059156
15 0.374035 0.108796 0.066744 0.078704
15 0.854552 0.825617 0.046296 0.073045
15 0.958719 0.694444 0.037809 0.066872
15 0.852238 0.498971 0.060185 0.062757
15 0.766590 0.412809 0.035494 0.056070
15 0.369792 0.752058 0.045910 0.057613
15 0.444637 0.908436 0.048225 0.066872
15 0.563465 0.559928 0.022762 0.027263
15 0.443673 0.209105 0.019290 0.029321
15 0.306713 0.731481 0.018519 0.024691
15 0.296296 0.818930 0.021605 0.030864
15 0.205633 0.542695 0.021605 0.032922
15 0.231096 0.412551 0.030864 0.050412
15 0.744020 0.090021 0.018133 0.032922
