15 0.123843 0.361883 0.055556 0.082819
15 0.411265 0.066615 0.068673 0.078704
15 0.520062 0.297582 0.057099 0.086934
15 0.472801 0.413580 0.065972 0.096708
15 0.222029 0.554012 0.054398 0.078189
15 0.310764 0.640689 0.055170 0.091049
15 0.206983 0.833591 0.058256 0.108539
15 0.654514 0.576389 0.033565 0.056070
15 0.653935 0.500772 0.030093 0.052984
15 0.312886 0.081019 0.036265 0.040638
15 0.708912 0.653549 0.031250 0.043724
15 0.422068 0.722737 0.034722 0.050412
15 0.254051 0.396091 0.035880 0.050412
15 0.094522 0.205761 0.058642 0.083333
15 0.151042 0.155607 0.055941 0.070473
15 0.204668 0.122942 0.038194 0.050412
15 0.281057 0.141975 0.037423 0.054527
15 0.210262 0.239712 0.040123 0.054527
15 0.867091 0.931327 0.025849 0.043724
15 0.882909 0.829218 0.025077 0.045267
15 0.773341 0.690072 0.027392 0.046811
15 0.846258 0.423868 0.021219 0.037037
15 0.968557 0.480710 0.022762 0.039609
15 0.489390 0.852109 0.038966 0.035494
15 0.678048 0.758745 0.029707 0.048354
15 0.582562 0.090535 0.044753 0.054527
15 0.595486 0.376286 0.031250 0.050926
15 0.970100 0.922068 0.028935 0.045782
