15 0.424961 0.296553 0.059028 0.063272
15 0.295139 0.171811 0.065586 0.074074
15 0.180556 0.135545 0.074074 0.086934
15 0.072145 0.170782 0.067901 0.088477
15 0.432292 0.445216 0.056713 0.070473
15 0.291474 0.372171 0.052855 0.079733
15 0.677276 0.328189 0.092207 0.105967
15 0.776042 0.423611 0.045910 0.085905
15 0.879823 0.471965 0.055941 0.095165
15 0.878665 0.383745 0.047454 0.085391
15 0.621721 0.611626 0.062886 0.069959
15 0.710648 0.733796 0.039352 0.057099
15 0.498843 0.666409 0.033179 0.057099
15 0.369020 0.859568 0.059028 0.059671
15 0.363619 0.552469 0.037423 0.068930
15 0.903549 0.769547 0.073302 0.120370
15 0.951582 0.367027 0.042052 0.078704
15 0.804977 0.299126 0.052855 0.086934
15 0.787230 0.254887 0.055170 0.066358
15 0.690394 0.184156 0.050540 0.073045
